12 10

0 0
-10 7
-10 -7
-7 8
-7 0
-7 -8
-2 7
0 0
-2 -7
3 4
3 -4

0 5
-10 8
-10 -6
-7 8
-7 1
-7 -6
0 5
-1 2
-1 -6
2 4
4 -2

0 -5
-10 6
-10 -8
-7 6
-7 -1
-7 -8
-1 6
-1 -2
0 -5
4 2
2 -4

7.5 7.5
-10 6
-10 -8
-5 6
-5 0
-5 -8
0 5
1 0
1 -4
7.5 7.5
8 0

7.5 2.5
-10 6
-10 -8
-5 6
-5 0
-5 -6
0 5
0 0
1 -3
7.5 2.5
8 2

7.5 -2.5
-10 6
-10 -8
-5 6
-5 0
-5 -8
1 4
0 0
0 -5
8 3
7.5 -2.5

7.5 -7.5
-10 6
-10 -8
-5 6
-5 0
-5 -6
1 3
1 0
0 -5
8 1
7.5 -7.5

15 10
-10 6
-10 -8
-5 6
-5 0
-5 -6
2 8
3 0
4 -2
15 10
13 0

15 0
-10 6
-10 -8
-5 6
-5 0
-5 -8
2 5
3 0
2 -4
15 0
13 -2

15 -10
-10 6
-10 -8
-5 6
-5 0
-5 -6
2 3
3 0
2 -7
13 0
15 -10

0 -10
-10 8
-10 -6
-7 8
-7 1
-7 -6
0 10
0 4
-1 -3
3 10
3 0

0 10
-10 8
-10 -6
-7 8
-7 -1
-7 -8
-1 3
0 -4
0 -10
3 0
3 -10

